0.40528656591938084
0.013922179229461318
0.0033318107491564497
0.019988976388671087
0.057459332569590627
0.00022371206084453865
0.0004792961772892568
0.01165160624860584
0.038051328134659335
0.008345830518200426
0.00022371206084453865
0.0016303915609085506
0.001774124591887416
0.0016197968301394639
0.029625892023776856
0.005577532460537216
0.003414858829016487
0.0022194533774601566
0.0013733302760602362
0.0007485675109288326
0.0003180813811482497
0.00010494018324774812
2.8783190227255062e-05
2.0799009411709424e-05
5.879783138135197e-05
0.00020066684985525773
0.0010749928243983242
0.0023959301238346
0.025786309598841928
0.008554566870011826
0.34518807117950345
0.003957838551815029
0.0037302361571943665
0.0035073979133198874
0.00328947659231299
0.003076646122349702
0.002869103390986727
0.0026670696565690988
0.0024707913563757344
0.002280540061182945
0.00209661129548655
0.0019193219288531904
0.0017490058565268196
0.0015860077365210667
0.0014306746445837404
0.0012833456520611186
0.001144339522326121
0.0010139409470729666
0.0008923859818286695
0.0007798475581953235
0.000676422110595265
0.0005821184202716712
0.0004968497206450095
0.00042042991442120536
0.00035257443552455525
0.0002929058832249476
0.00024096411647483995
0.0001962200876088338
0.00015809237666430942
0.0001259652042308601
9.920666980345327e-05
7.71860735998553e-05
5.928939892546614e-05
4.493231232804984e-05
3.3570331488042005e-05
2.4706076124758614e-05
1.7893729613471798e-05
1.2740988294790423e-05
8.908864057355359e-06
